SCAN 0,0,0,0,0,0,0,0,0,0,0,0,0,0,0,0,0,0,0,0,0,0,0,0,0,0,0,0,0,0,0,2048,0, END
SCAN 0,0,0,0,0,0,0,0,0,0,0,0,0,1792,0,0,0,0,0,0,0,0,0,0,0,0,0,0,0,0,0,5,0, END
SCAN 0,0,0,0,0,0,0,0,0,0,0,0,7,0,0,0,0,0,0,0,0,0,0,0,0,0,0,0,0,0,0,5,0, END
SCAN 0,0,0,0,0,0,0,0,0,0,0,0,0,0,0,0,0,0,0,0,0,7,0,0,0,0,0,0,0,0,0,23,0, END
SCAN 0,0,0,0,0,0,0,0,0,0,0,0,0,0,0,0,0,0,0,0,0,0,1792,0,0,0,0,0,0,0,0,22,0, END
SCAN 0,0,0,0,0,0,0,0,0,0,0,0,0,0,0,0,0,0,0,0,1792,0,0,0,0,0,0,0,0,0,0,25,0, END
SCAN 0,0,0,0,0,0,0,0,0,0,0,0,0,0,0,0,0,0,0,0,0,0,0,0,0,0,0,1792,0,0,0,14,0, END
SCAN 0,0,0,0,0,0,0,0,0,0,0,0,0,0,0,0,0,0,0,0,0,0,0,0,1792,0,0,0,0,0,0,19,0, END
SCAN 0,0,0,0,0,0,0,0,1792,0,0,0,0,0,0,0,0,0,0,0,0,0,0,0,0,0,0,0,0,0,0,5,0, END
SCAN 0,0,0,0,0,0,0,0,0,0,0,0,0,0,0,0,0,1792,0,0,0,0,0,0,0,0,0,0,0,0,0,30,0, END
SCAN 0,0,0,0,0,0,0,0,0,0,0,0,0,0,0,0,0,0,0,0,0,0,0,0,1792,0,0,0,0,0,0,19,0, END
SCAN 0,0,0,0,0,0,0,0,1792,0,0,0,0,0,0,0,0,0,0,0,0,0,0,0,0,0,0,0,7,0,0,12,0, END
SCAN 0,0,0,0,0,0,0,0,0,0,0,0,7,0,0,0,0,0,0,0,0,0,0,0,0,0,0,0,0,0,0,5,0, END
SCAN 0,0,0,0,0,0,0,0,0,0,0,0,0,0,0,0,0,0,0,0,0,0,0,0,1792,0,0,0,0,0,0,19,0, END
SCAN 0,0,0,0,0,0,0,0,1792,0,0,0,0,0,0,0,0,0,0,0,0,0,0,0,0,0,0,0,7,0,0,12,0, END
SCAN 0,0,0,0,0,0,0,0,0,0,0,0,0,0,0,0,0,0,0,0,0,0,0,0,1792,0,0,0,0,0,0,19,0, END
SCAN 0,0,0,0,0,2304,0,0,0,0,0,0,0,0,0,0,0,0,0,0,0,0,0,0,0,0,0,0,0,0,1792,10,0, END
SCAN 0,0,5,0,0,0,0,0,0,0,0,0,0,0,0,0,0,0,0,0,0,0,0,0,0,0,0,7,0,0,0,14,0, END
SCAN 0,0,0,0,0,0,0,0,0,0,0,0,0,0,0,0,0,0,0,0,0,0,0,0,0,0,0,0,0,0,0,7,1792, END
SCAN 0,0,0,0,0,0,0,0,0,0,0,0,0,0,0,0,0,0,25,0,0,0,0,0,0,0,0,0,0,0,0,46,0, END
SCAN 0,0,0,0,0,0,0,0,0,0,0,0,0,0,0,0,0,0,0,0,1792,0,0,0,0,0,0,0,0,0,0,25,0, END
SCAN 0,0,0,0,0,0,0,0,0,0,0,0,0,0,0,0,0,0,0,0,0,0,0,0,0,0,0,0,0,0,0,7,1792, END
SCAN 0,0,0,0,0,0,0,0,0,0,0,0,0,0,0,0,0,0,25,0,0,0,0,0,0,0,0,0,0,0,0,46,0, END
SCAN 0,0,0,0,0,0,0,0,0,0,0,0,0,0,0,0,0,0,0,0,0,0,0,1792,0,0,0,0,0,0,0,21,0, END
SCAN 0,0,5,0,0,0,0,0,0,0,0,0,0,0,0,0,0,0,0,0,0,0,0,0,0,0,0,0,0,0,0,7,1792, END
SCAN 0,0,0,0,0,0,0,0,0,0,0,0,0,0,0,0,0,0,25,0,0,0,0,0,0,0,0,0,0,0,0,46,0, END
SCAN 0,0,0,0,0,0,0,0,0,0,0,0,7,0,0,0,0,0,0,0,0,0,0,0,0,0,0,0,0,0,0,5,0, END
SCAN 0,0,0,0,0,0,0,0,1792,0,0,0,0,0,0,0,0,0,0,0,0,0,0,0,0,0,0,0,7,0,0,12,0, END
SCAN 0,0,0,0,0,0,0,0,0,0,0,0,7,0,0,0,0,0,0,0,0,0,0,0,0,0,0,0,0,0,0,5,0, END
SCAN 0,0,0,0,0,0,0,0,0,0,0,0,0,0,0,0,1792,0,0,0,0,0,0,0,0,0,0,0,0,0,0,32,0, END
SCAN 0,0,0,0,0,0,0,0,1792,0,0,0,0,0,0,0,0,0,0,0,0,0,0,0,0,0,0,0,7,0,0,12,0, END
SCAN 0,0,0,0,0,0,0,0,0,0,0,0,7,0,0,0,0,0,0,0,0,0,0,0,0,0,0,0,0,0,0,5,0, END
SCAN 0,0,0,0,0,0,0,0,0,0,0,0,0,0,0,0,0,0,0,25,0,0,0,0,0,0,0,0,0,0,0,44,0, END
SCAN 0,0,0,0,0,0,0,0,0,0,0,0,0,0,0,0,0,0,0,0,0,0,0,0,0,0,1792,0,0,0,0,16,0, END
SCAN 0,0,0,0,0,0,0,0,0,0,0,0,7,0,0,0,0,0,0,0,0,0,0,0,0,0,0,0,0,0,0,5,0, END
SCAN 0,0,0,0,0,0,0,0,0,0,0,0,7,0,0,0,0,0,0,0,0,0,0,0,0,0,0,0,0,0,0,5,0, END
SCAN 0,0,0,0,0,0,0,0,0,0,0,0,0,0,0,0,0,0,0,0,0,0,0,0,0,0,0,0,0,0,0,5,0, END
SCAN 0,0,0,0,0,0,0,0,0,0,0,0,0,0,0,0,0,0,0,0,0,0,0,0,0,0,0,0,0,0,7,9,0, END
SCAN 0,0,0,0,0,0,0,0,0,7,0,0,0,0,0,0,0,0,0,0,0,0,0,0,0,0,0,0,0,0,1792,10,0, END
SCAN 0,0,0,0,0,0,0,0,0,0,0,0,0,0,0,0,0,0,0,0,0,0,0,1792,0,0,0,0,0,0,0,21,0, END
SCAN 0,0,5,0,0,0,0,0,0,0,0,0,0,0,0,0,0,0,0,0,0,0,0,0,0,0,0,0,0,0,0,7,1792, END
SCAN 0,0,0,0,0,0,0,0,0,0,0,0,0,0,0,0,0,0,25,0,0,0,0,0,0,0,0,0,0,0,0,46,0, END
SCAN 0,0,0,0,0,0,0,0,0,0,0,0,0,0,0,0,0,0,0,0,0,0,0,1792,0,0,0,0,0,0,0,21,0, END
SCAN 0,0,0,0,0,0,0,0,0,0,0,0,0,0,0,0,0,1792,0,0,0,0,0,0,0,0,0,0,0,0,0,30,0, END
SCAN 0,4,0,0,0,0,0,0,0,0,0,0,0,5632,0,0,0,0,0,0,0,0,0,0,0,0,0,0,0,0,0,4,0, END
SCAN 0,4,0,0,0,0,0,0,0,0,0,0,0,0,0,0,0,0,0,0,0,0,1792,0,0,0,0,0,0,0,0,22,0, END
SCAN 0,4,0,0,0,0,0,0,0,0,0,0,0,0,0,0,0,0,0,0,0,0,0,0,0,0,7,0,0,0,0,15,0, END
SCAN 0,0,0,0,0,0,0,0,0,0,0,0,0,0,0,0,0,0,0,0,0,0,0,0,0,0,0,0,0,1792,0,11,0, END
SCAN 0,4,0,0,0,0,0,0,0,0,0,0,0,0,0,0,0,7,0,0,0,0,0,0,0,0,0,0,0,0,0,29,0, END
SCAN 0,0,0,0,0,0,0,0,0,0,0,0,0,0,0,0,0,0,0,0,0,0,0,1792,0,0,0,0,0,0,0,21,0, END
SCAN 0,4,0,0,0,0,0,0,0,0,0,0,0,5632,0,0,0,0,0,0,0,0,0,0,0,0,0,0,0,0,0,4,0, END
SCAN 0,4,0,0,0,0,0,0,0,0,0,0,0,0,0,0,0,7,0,0,0,0,0,0,0,0,0,0,0,0,0,29,0, END
SCAN 0,4,0,0,0,0,0,0,0,0,0,0,0,0,0,0,0,0,0,0,0,0,1792,0,0,0,0,0,0,0,0,22,0, END
SCAN 0,4,0,0,0,0,0,0,0,0,0,0,0,0,0,0,0,0,0,0,0,0,0,0,0,0,0,0,0,0,0,1800,0, END
SCAN 0,4,0,0,0,0,0,0,0,0,0,0,0,0,0,0,0,7,0,0,0,0,0,0,0,0,0,0,0,0,0,29,0, END
SCAN 0,4,0,0,0,0,0,0,0,0,0,0,0,0,0,0,0,0,0,0,0,0,1792,0,0,0,0,0,0,0,0,22,0, END
SCAN 0,4,0,0,0,0,0,0,0,0,0,0,0,0,0,0,0,0,0,0,0,0,0,0,0,0,7,0,0,0,0,15,0, END
SCAN 0,0,0,0,0,0,0,0,0,0,0,0,0,0,0,0,0,0,0,0,0,0,0,0,0,0,0,0,0,7,0,11,0, END
SCAN 0,4,0,0,0,0,0,0,0,0,0,0,0,0,0,0,0,0,0,0,0,0,1792,0,0,0,0,0,0,0,0,22,0, END
SCAN 0,4,0,0,0,0,0,0,0,0,0,0,0,0,0,0,0,0,0,0,0,0,0,0,0,0,7,0,0,0,0,15,0, END
SCAN 0,0,0,0,0,0,0,0,7,0,0,0,0,0,0,0,0,0,0,0,0,0,0,0,0,0,0,0,0,1792,0,11,0, END
SCAN 0,4,0,0,0,0,0,0,0,0,0,0,0,0,0,0,0,0,0,0,0,0,1792,0,0,0,0,0,0,0,0,22,0, END
SCAN 0,4,0,0,0,0,0,0,0,0,0,0,0,5632,0,0,0,0,0,0,0,0,0,0,0,0,0,0,0,0,0,4,0, END
SCAN 0,4,0,0,0,0,0,0,0,0,0,0,0,0,0,0,0,0,0,0,0,0,1792,0,0,0,0,0,0,0,0,22,0, END
SCAN 0,4,0,0,0,0,0,0,0,0,0,0,0,0,0,0,0,0,0,0,0,0,0,0,0,0,7,0,0,0,0,15,0, END
SCAN 0,0,0,0,0,0,0,0,0,0,0,0,0,1792,0,0,0,0,0,0,0,0,0,0,0,0,0,0,0,0,0,4,0, END
SCAN 0,0,0,0,0,0,0,0,0,0,0,0,4608,0,0,0,0,0,0,0,0,0,0,0,0,0,0,0,0,0,0,6,0, END
SCAN 0,4,0,0,0,0,0,0,0,0,0,0,0,0,0,0,0,0,0,0,0,0,0,0,0,0,7,0,0,0,0,15,0, END
SCAN 0,4,0,0,0,0,0,0,0,0,0,0,0,0,0,0,0,0,0,0,0,0,0,0,0,0,0,0,0,0,0,1800,0, END
SCAN 0,4,0,0,0,0,0,0,0,0,0,0,0,0,0,0,0,7,0,0,0,0,0,0,0,0,0,0,0,0,0,29,0, END
SCAN 0,4,0,0,0,0,0,0,0,0,0,0,0,0,0,0,0,0,0,0,0,0,1792,0,0,0,0,0,0,0,0,22,0, END
SCAN 0,0,0,0,0,0,0,0,0,0,0,0,0,0,0,0,0,0,7,0,0,0,0,0,0,0,0,0,0,0,0,28,0, END
SCAN 0,0,0,0,0,0,0,0,0,0,0,0,0,0,0,0,0,0,0,0,7,0,0,0,0,0,0,0,0,0,0,25,0, END
SCAN 0,4,0,0,0,0,0,0,0,0,0,0,0,0,0,0,0,7,0,0,0,0,0,0,0,0,0,0,0,0,0,29,0, END
SCAN 0,4,0,0,0,0,0,0,0,0,0,0,0,0,0,0,0,0,0,0,0,0,0,0,0,0,7,0,0,0,0,15,0, END
SCAN 0,4,0,0,0,0,0,0,0,0,0,0,0,5632,0,0,0,0,0,0,0,0,0,0,0,0,0,0,0,0,0,4,0, END
SCAN 0,4,0,0,0,0,0,0,0,0,0,0,0,0,0,0,0,0,0,0,0,0,1792,0,0,0,0,0,0,0,0,22,0, END
SCAN 0,4,0,0,0,0,0,0,0,0,0,0,0,0,0,0,0,0,0,0,0,0,0,0,0,0,7,0,0,0,0,15,0, END
SCAN 0,0,0,0,0,0,0,0,0,0,0,0,0,1792,0,0,0,0,0,0,0,0,0,0,0,0,0,0,0,0,0,4,0, END
SCAN 0,4,0,0,0,0,0,0,0,0,0,0,0,0,0,0,0,7,0,0,0,0,0,0,0,0,0,0,0,0,0,29,0, END
SCAN 0,4,0,0,0,0,0,0,0,0,0,0,0,0,0,0,0,0,0,0,0,0,0,0,0,0,7,0,0,0,0,15,0, END
SCAN 0,4,0,0,0,0,0,0,0,0,0,0,0,0,0,0,0,0,0,0,0,0,0,0,0,0,0,0,0,0,0,1800,0, END
SCAN 0,4,0,0,0,0,0,0,0,0,0,0,0,0,0,0,0,7,0,0,0,0,0,0,0,0,0,0,0,0,0,29,0, END
SCAN 0,0,0,0,0,0,0,0,0,0,0,0,0,0,0,0,0,0,0,0,0,0,0,0,0,0,0,0,0,0,1792,10,0, END
SCAN 0,4,0,0,0,0,0,0,0,0,0,0,0,0,0,0,0,0,0,0,0,0,0,0,0,0,7,0,0,0,0,15,0, END
SCAN 0,0,0,0,0,0,0,0,0,0,0,0,5376,0,0,0,0,0,0,0,0,0,0,0,0,0,0,0,0,0,0,6,7, END
SCAN 0,4,0,0,0,0,0,0,0,0,0,0,0,0,0,0,0,0,0,0,0,0,1792,0,0,0,0,0,0,0,0,22,0, END
SCAN 0,4,0,0,0,0,0,0,0,0,0,0,0,0,0,0,0,0,0,0,0,0,0,0,0,0,7,0,0,0,0,15,0, END
SCAN 0,0,0,0,0,11,0,0,0,0,0,0,0,0,0,0,0,0,0,0,0,0,0,0,0,0,0,0,0,0,7,9,0, END
SCAN 0,4,0,0,0,0,0,0,0,0,0,0,0,0,0,0,0,7,0,0,0,0,0,0,0,0,0,0,0,0,0,29,0, END
SCAN 0,4,0,0,0,0,0,0,0,0,0,0,0,0,0,0,0,0,0,0,0,0,0,0,0,0,7,0,0,0,0,15,0, END
SCAN 0,4,0,0,0,0,0,0,0,0,0,0,0,5632,0,0,0,0,0,0,0,0,0,0,0,0,0,0,0,0,0,4,0, END
SCAN 0,4,0,0,0,0,0,0,0,0,0,0,0,0,0,0,0,7,0,0,0,0,0,0,0,0,0,0,0,0,0,29,0, END
SCAN 0,4,0,0,0,0,0,0,0,0,0,0,0,0,0,0,0,0,0,0,0,0,1792,0,0,0,0,0,0,0,0,22,0, END
SCAN 0,4,0,0,0,0,0,0,0,0,0,0,0,0,0,0,0,0,0,0,0,0,0,0,0,0,7,0,0,0,0,15,0, END
SCAN 0,0,0,0,0,0,0,0,0,0,0,0,0,0,0,26,0,0,0,0,0,0,0,0,0,0,0,0,0,0,0,51,0, END
SCAN 0,4,0,0,0,0,0,0,0,0,0,0,0,0,0,0,0,0,0,0,0,0,1792,0,0,0,0,0,0,0,0,22,0, END
SCAN 0,4,0,0,0,0,0,0,0,0,0,0,0,0,0,0,0,0,0,0,0,0,0,0,0,0,7,0,0,0,0,15,0, END
SCAN 0,4,0,0,0,0,0,0,0,0,0,0,0,0,0,0,0,0,0,0,0,0,0,0,0,0,0,0,0,0,0,1800,0, END
SCAN 0,0,0,0,0,0,0,0,0,0,0,0,0,0,0,0,7,0,0,0,0,0,0,0,0,0,0,0,0,0,0,31,0, END
SCAN 0,4,0,0,0,0,0,0,0,0,0,0,0,0,0,0,0,0,0,0,0,0,0,0,0,0,7,0,0,0,0,15,0, END
SCAN 0,0,0,0,0,0,0,0,0,0,0,0,0,1792,0,0,0,0,0,0,0,0,0,0,0,0,0,0,0,0,0,4,0, END
SCAN 0,4,0,0,0,0,0,0,0,0,0,0,0,0,0,0,0,7,0,0,0,0,0,0,0,0,0,0,0,0,0,29,0, END
SCAN 0,4,0,0,0,0,0,0,0,0,0,0,0,0,0,0,0,0,0,0,0,0,0,0,0,0,7,0,0,0,0,15,0, END
SCAN 0,4,0,0,0,0,0,0,0,0,0,0,0,0,0,0,0,0,0,0,0,0,0,0,0,0,0,0,0,0,0,1800,0, END
SCAN 0,4,0,0,0,0,0,0,0,0,0,0,0,0,0,0,0,7,0,0,0,0,0,0,0,0,0,0,0,0,0,29,0, END
SCAN 0,0,0,0,0,0,0,0,0,0,0,0,23,0,0,0,0,0,0,0,0,0,0,0,0,0,0,0,0,0,0,5,0, END
SCAN 0,4,0,0,0,0,0,0,0,0,0,0,0,0,0,0,0,0,0,0,0,0,0,0,0,0,0,0,0,0,0,1800,0, END
SCAN 0,4,0,0,0,0,0,0,0,0,0,0,0,0,0,0,0,0,0,0,0,0,0,0,0,0,0,0,0,0,0,1,0, END
SCAN 0,4,0,0,0,0,0,0,0,0,0,0,0,0,0,0,0,0,0,0,0,0,1792,0,0,0,0,0,0,0,0,22,0, END
SCAN 0,4,0,0,0,0,0,0,0,0,0,0,0,0,0,0,0,0,0,0,0,0,0,0,0,0,7,0,0,0,0,15,0, END
SCAN 0,0,0,0,0,0,0,0,0,0,0,0,0,0,0,0,0,0,0,0,0,0,7,0,0,0,0,0,0,0,0,21,0, END
SCAN 0,4,0,0,0,0,0,0,0,0,0,0,0,0,0,0,0,7,0,0,0,0,0,0,0,0,0,0,0,0,0,29,0, END
SCAN 0,0,0,0,0,0,0,0,0,0,0,0,1792,0,0,0,0,0,0,0,0,0,0,0,0,0,0,0,0,0,0,6,0, END
SCAN 0,4,0,0,0,0,0,0,0,0,0,0,0,5632,0,0,0,0,0,0,0,0,0,0,0,0,0,0,0,0,0,4,0, END
SCAN 0,4,0,0,0,0,0,0,0,0,0,0,0,0,0,0,0,7,0,0,0,0,0,0,0,0,0,0,0,0,0,29,0, END
SCAN 0,4,0,0,0,0,0,0,0,0,0,0,0,0,0,0,0,0,0,0,0,0,1792,0,0,0,0,0,0,0,0,22,0, END
SCAN 0,0,0,0,0,0,0,0,0,0,0,0,0,0,0,0,0,0,0,0,0,0,0,0,0,0,0,0,0,1792,0,11,0, END
SCAN 0,4,0,0,0,0,0,0,0,0,0,0,0,0,0,0,0,7,0,0,0,0,0,0,0,0,0,0,0,0,0,29,0, END
SCAN 0,4,0,0,0,0,0,0,0,0,0,0,0,0,0,0,0,0,0,0,0,0,1792,0,0,0,0,0,0,0,0,22,0, END
SCAN 0,4,0,0,0,0,0,0,0,0,0,0,0,0,0,0,0,0,0,0,0,0,0,0,0,0,7,0,0,0,0,15,0, END
SCAN 0,4,0,0,0,0,0,0,0,0,0,0,0,5632,0,0,0,0,0,0,0,0,0,0,0,0,0,0,0,0,0,4,0, END
SCAN 0,4,0,0,0,0,0,0,0,0,0,0,0,0,0,0,0,0,0,0,0,0,1792,0,0,0,0,0,0,0,0,22,0, END
SCAN 0,4,0,0,0,0,0,0,0,0,0,0,0,0,0,0,0,0,0,0,0,0,0,0,0,0,7,0,0,0,0,15,0, END
SCAN 0,0,0,0,0,0,0,0,0,0,0,0,0,1792,0,0,0,0,0,0,0,0,0,0,0,0,0,0,0,0,0,4,0, END
SCAN 0,4,0,0,0,0,0,0,0,0,0,0,0,0,0,0,0,7,0,0,0,0,0,0,0,0,0,0,0,0,0,29,0, END
SCAN 0,4,0,0,0,0,0,0,0,0,0,0,0,0,0,0,0,0,0,0,0,0,0,0,0,0,0,0,0,0,0,1,0, END
SCAN 0,0,0,0,0,0,0,0,0,0,0,0,0,0,7,0,0,0,0,0,0,0,0,0,0,0,0,0,0,0,0,2,0, END
SCAN 0,4,0,0,0,0,0,0,0,0,0,0,0,0,0,0,0,7,0,0,0,0,0,0,0,0,0,0,0,0,0,29,0, END
SCAN 0,0,0,0,0,0,0,0,0,0,4864,0,0,0,0,0,0,0,0,0,0,0,0,0,0,0,0,0,0,0,0,2,0, END
SCAN 0,4,0,0,0,0,0,0,0,0,0,0,0,0,0,0,0,0,0,0,0,0,0,0,0,0,7,0,0,0,0,15,0, END
SCAN 0,4,0,0,0,0,0,0,0,0,0,0,0,5632,0,0,0,0,0,0,0,0,0,0,0,0,0,0,0,0,0,4,0, END
SCAN 0,4,0,0,0,0,0,0,0,0,0,0,0,0,0,0,0,0,0,0,0,0,1792,0,0,0,0,0,0,0,0,22,0, END
SCAN 0,4,0,0,0,0,0,0,0,0,0,0,0,0,0,0,0,0,0,0,0,0,0,0,0,0,7,0,0,0,0,15,0, END
SCAN 0,0,0,0,0,0,0,0,0,0,0,0,0,0,0,0,0,0,0,1792,0,0,0,0,0,0,0,0,0,0,0,27,0, END
SCAN 0,4,0,0,0,0,0,0,0,0,0,0,0,0,0,0,0,7,0,0,0,0,0,0,0,0,0,0,0,0,0,29,0, END
SCAN 0,4,0,0,0,0,0,0,0,0,0,0,0,0,0,0,0,0,0,0,0,0,0,0,0,0,7,0,0,0,0,15,0, END
SCAN 0,4,0,0,0,0,0,0,0,0,0,0,0,0,0,0,0,0,0,0,0,0,0,0,0,0,0,0,0,0,0,1800,0, END
SCAN 0,4,0,0,0,0,0,0,0,0,0,0,0,0,0,0,0,7,0,0,0,0,0,0,0,0,0,0,0,0,0,29,0, END
SCAN 0,4,0,0,0,0,0,0,0,0,0,0,0,0,0,0,0,0,0,0,0,0,1792,0,0,0,0,0,0,0,0,22,0, END
SCAN 0,0,0,0,0,0,0,0,0,0,0,0,0,0,0,0,0,0,0,0,0,0,0,0,0,0,0,0,0,1792,0,11,0, END
SCAN 0,0,0,0,0,0,0,0,0,0,0,0,0,0,0,0,0,0,0,0,0,0,1792,0,0,0,0,0,0,0,0,22,0, END
SCAN 0,4,0,0,0,0,0,0,0,0,0,0,0,0,0,0,0,0,0,0,0,0,1792,0,0,0,0,0,0,0,0,22,0, END
SCAN 0,4,0,0,0,0,0,0,0,0,0,0,0,0,0,0,0,0,0,0,0,0,0,0,0,0,7,0,0,0,0,15,0, END
SCAN 0,0,0,0,0,0,0,0,0,0,0,0,0,1792,0,0,0,0,0,0,0,0,0,0,0,0,0,0,0,0,0,4,0, END
SCAN 0,4,0,0,0,0,0,0,0,0,0,0,0,0,0,0,0,7,0,0,0,0,0,0,0,0,0,0,0,0,0,29,0, END
SCAN 0,4,0,0,0,0,0,0,0,0,0,0,0,0,0,0,0,0,0,0,0,0,0,0,0,0,7,0,0,0,0,15,0, END
SCAN 0,4,0,0,0,0,0,0,0,0,0,0,0,0,0,0,0,0,0,0,0,0,0,0,0,0,0,0,0,0,0,1800,0, END
SCAN 0,4,0,0,0,0,0,0,0,0,0,0,0,0,0,0,0,7,0,0,0,0,0,0,0,0,0,0,0,0,0,29,0, END
SCAN 0,4,0,0,0,0,0,0,0,0,0,0,0,0,0,0,0,0,0,0,0,0,1792,0,0,0,0,0,0,0,0,22,0, END
SCAN 0,4,0,0,0,0,0,0,0,0,0,0,0,0,0,0,0,0,0,0,0,0,0,0,0,0,0,0,0,0,0,1,0, END
SCAN 0,0,0,0,0,0,0,0,0,0,0,0,0,0,0,0,0,0,0,0,0,0,0,0,0,0,0,7,0,0,0,14,0, END
SCAN 0,4,0,0,0,0,0,0,0,0,0,0,0,0,0,0,0,29,0,0,0,0,0,0,0,0,0,0,0,0,0,51,0, END
SCAN 0,4,0,0,0,0,0,0,0,0,0,0,0,0,0,0,0,0,0,0,0,0,0,0,0,0,7,0,0,0,0,15,0, END
SCAN 0,0,0,0,0,0,0,0,0,0,0,0,0,0,0,0,0,0,0,0,0,0,0,0,0,0,0,0,0,0,0,7,0, END
SCAN 0,0,0,0,0,0,0,0,0,0,0,0,0,0,0,0,0,0,0,0,0,0,0,0,0,0,0,0,1792,0,0,13,0, END
SCAN 0,4,0,0,0,0,0,0,0,0,0,0,0,0,0,0,0,0,0,0,0,0,0,0,0,0,7,0,0,0,0,15,0, END
SCAN 0,0,0,0,0,0,0,0,0,1792,0,0,0,0,0,0,0,0,0,0,0,0,0,0,0,0,0,0,0,0,0,4,0, END
SCAN 0,4,0,0,0,0,0,0,0,0,0,0,0,0,0,0,0,7,0,0,0,0,0,0,0,0,0,0,0,0,0,29,0, END
SCAN 0,4,0,0,0,0,0,0,0,0,0,0,0,0,0,0,0,0,0,0,0,0,1792,0,0,0,0,0,0,0,0,22,0, END
SCAN 0,4,0,0,0,0,0,0,0,0,0,0,0,0,0,0,0,0,0,0,0,0,0,0,0,0,7,0,0,0,0,15,0, END
SCAN 0,4,0,0,0,0,0,0,0,0,0,0,0,5632,0,0,0,0,0,0,0,0,0,0,0,0,0,0,0,0,0,4,0, END
SCAN 0,4,0,0,0,0,0,0,0,0,0,0,0,0,0,0,0,0,0,0,0,0,1792,0,0,0,0,0,0,0,0,22,0, END
SCAN 0,0,0,0,0,0,0,0,0,0,0,0,0,0,0,0,0,0,0,0,0,0,0,0,7,0,0,0,0,0,0,18,0, END
SCAN 0,0,0,0,0,0,0,0,0,0,0,0,0,1792,0,0,0,0,0,0,0,0,0,0,0,0,0,0,0,0,0,4,0, END
SCAN 0,4,0,0,0,0,0,0,0,0,0,0,0,0,0,0,0,7,0,0,0,0,0,0,0,0,0,0,0,0,0,29,0, END
SCAN 0,4,0,0,0,0,0,0,0,0,0,0,0,0,0,0,0,0,0,0,0,0,0,0,0,0,7,0,0,0,0,15,0, END
SCAN 0,4,0,0,0,0,0,0,0,0,0,0,0,0,0,0,0,0,0,0,0,0,0,0,0,0,0,0,0,0,0,1800,0, END
SCAN 0,0,0,0,0,0,0,0,0,0,0,0,0,0,0,0,0,0,0,0,0,0,0,0,0,0,0,0,0,1792,0,11,0, END
SCAN 0,4,0,0,0,0,0,0,0,0,0,0,0,0,0,0,0,0,0,0,0,0,1792,0,0,0,0,0,0,0,0,22,0, END
SCAN 0,4,0,0,0,0,0,0,0,0,0,0,0,0,0,0,0,0,0,0,0,0,0,0,0,0,7,0,0,0,0,15,0, END
SCAN 0,4,0,0,0,0,0,0,0,0,0,0,0,5632,0,0,0,0,0,0,0,0,0,0,0,0,0,0,0,0,0,4,0, END
SCAN 0,4,0,0,0,0,0,0,0,0,0,0,0,0,0,0,0,0,0,0,0,0,1792,0,0,0,0,0,0,0,0,22,0, END
SCAN 0,4,0,0,0,0,0,0,0,0,0,0,0,0,0,0,0,0,0,0,0,0,0,0,0,0,7,0,0,0,0,15,0, END
SCAN 0,0,0,0,0,0,0,0,0,0,0,0,0,0,0,0,0,0,0,0,0,0,0,0,0,0,0,0,0,0,0,3,0, END
SCAN 0,4,0,0,0,0,0,0,0,0,0,0,0,0,0,0,0,0,0,0,0,0,0,0,0,0,0,0,0,0,0,1,0, END
SCAN 0,4,0,0,0,0,0,0,0,0,0,0,0,0,0,0,0,0,0,0,0,0,1792,0,0,0,0,0,0,0,0,22,0, END
SCAN 0,4,0,0,0,0,0,0,0,0,0,0,0,0,0,0,0,0,0,0,0,0,0,0,0,0,0,0,0,0,0,1800,0, END
SCAN 0,4,0,0,0,0,0,0,0,0,0,0,0,0,0,0,0,7,0,0,0,0,0,0,0,0,0,0,0,0,0,29,0, END
SCAN 0,0,0,0,0,0,0,0,0,0,0,0,0,0,0,27,0,0,0,0,0,0,0,0,0,0,0,0,0,0,0,52,0, END
SCAN 0,4,0,0,0,0,0,0,0,0,0,0,0,0,0,0,0,0,0,0,0,0,0,0,0,0,7,0,0,0,0,15,0, END
SCAN 0,4,0,0,0,0,0,0,0,0,0,0,0,5632,0,0,0,0,0,0,0,0,0,0,0,0,0,0,0,0,0,4,0, END
SCAN 0,0,0,0,0,0,0,0,0,0,0,0,0,0,0,0,0,0,0,0,0,1792,0,0,0,0,0,0,0,0,0,24,0, END
SCAN 0,0,0,0,0,0,0,0,0,7,0,0,0,0,0,0,0,0,0,0,0,0,0,0,0,0,0,0,0,0,1792,10,0, END
SCAN 0,4,0,0,0,0,0,0,0,0,0,0,0,0,0,0,0,0,0,0,0,0,0,0,0,0,7,0,0,0,0,15,0, END
SCAN 0,4,0,0,0,0,0,0,0,0,0,0,0,0,0,0,0,0,0,0,0,0,0,0,0,0,0,0,0,0,0,7,1792, END
SCAN 0,0,0,0,0,2560,0,0,0,0,0,0,0,0,0,0,0,0,0,0,0,0,0,0,0,0,0,0,0,0,0,3,0, END
SCAN 0,4,0,0,0,0,0,0,0,0,0,0,0,0,0,0,0,0,0,0,0,0,0,0,0,0,0,0,0,0,0,1800,0, END
SCAN 0,4,0,0,0,0,0,0,0,0,0,0,0,0,0,0,0,0,0,0,0,0,1792,0,0,0,0,0,0,0,0,22,0, END
SCAN 0,4,0,0,0,0,0,0,0,0,0,0,0,0,0,0,0,0,0,0,0,0,1792,0,0,0,0,0,0,0,0,22,0, END
SCAN 0,4,0,0,0,0,0,0,0,0,0,0,0,0,0,0,0,0,0,0,0,0,0,0,0,0,7,0,0,0,0,15,0, END
SCAN 0,0,0,0,0,0,0,0,0,0,0,0,0,1792,0,0,0,0,0,0,0,0,0,0,0,0,0,0,0,0,0,4,0, END
SCAN 0,4,0,0,0,0,0,0,0,0,0,0,0,0,0,0,0,7,0,0,0,0,0,0,0,0,0,0,0,0,0,29,0, END
SCAN 0,4,0,0,0,0,0,0,0,0,0,0,0,0,0,0,0,0,0,0,0,0,0,0,0,0,7,0,0,0,0,15,0, END
SCAN 0,4,0,0,0,0,0,0,0,0,0,0,0,0,0,0,0,0,0,0,0,0,0,0,0,0,0,0,0,0,0,1800,0, END
SCAN 0,4,0,0,0,0,0,0,0,0,0,0,0,0,0,0,0,7,0,0,0,0,0,0,0,0,0,0,0,0,0,29,0, END
SCAN 0,0,0,0,0,0,0,0,0,0,0,0,0,0,0,1792,0,0,0,0,0,0,0,0,0,0,0,0,0,0,0,1,0, END
SCAN 0,0,0,0,0,7,0,0,0,0,0,0,0,0,0,0,0,0,0,0,0,0,0,0,0,0,1792,0,0,0,0,16,0, END
SCAN 0,4,0,0,0,0,0,0,0,0,0,0,0,5632,0,0,0,0,0,0,0,0,0,0,0,0,0,0,0,0,0,4,0, END
SCAN 0,4,0,0,0,0,0,0,0,0,0,0,0,0,0,0,0,0,0,0,0,0,1792,0,0,0,0,0,0,0,0,22,0, END
